Test accuracy: 0.8750773072242737
1/1 [==============================] - 0s 159ms/step
Target: [0. 0. 0. 0. 1. 0. 0. 0.], Predicted label: [0]
51/51 [==============================] - 0s 2ms/step
              precision    recall  f1-score   support

           0       0.97      0.86      0.91       217
           1       0.89      0.91      0.90       247
           2       0.95      0.93      0.94       167
           3       0.80      0.79      0.80       197
           4       0.95      0.94      0.95       202
           5       0.94      0.90      0.92       185
           6       0.78      0.79      0.78       207
           7       0.76      0.88      0.82       195

    accuracy                           0.88      1617
   macro avg       0.88      0.88      0.88      1617
weighted avg       0.88      0.88      0.88      1617